3
20
6 1 2 5 9 4 11 10 3 13 12 14 17 16 19 20 18 15 8 7
1 6 2 4 5 9 7 8 3 10 11 12 13 14 15 16 17 18 19 20 
30
12 16 19 6 13 7 17 8 9 18 1 5 30 21 23 22 20 15 28 3 24 4 27 25 11 2 26 29 10 14 
14 12 13 6 19 16 18 9 8 17 7 22 23 21 30 5 1 10 29 2 11 25 27 4 24 3 20 15 28 26
100
34 77 8 33 35 86 87 4 68 36 41 23 55 52 66 73 69 47 63 62 14 94 76 27 64 93 28 97 0 54 39 61 85 67 74 84 79 60 46 25 42 88 30 6 58 2 15 51 75 13 90 70 40 50 89 48 20 53 18 9 45 78 72 49 95 29 91 80 21 71 98 19 7 92 5 26 81 3 1 11 10 44 38 24 56 99 31 82 96 32 59 57 12 16 65 17 22 37 43 83 
14 34 62 63 47 86 35 33 8 77 69 73 66 52 55 23 41 36 68 4 87 83 93 64 27 76 94 10 60 79 84 54 0 97 28 74 67 85 61 39 1 3 30 88 42 25 46 91 29 95 49 72 78 53 20 48 89 50 40 70 90 13 75 51 15 2 58 6 45 9 18 81 26 5 92 7 19 98 71 21 80 11 43 37 22 17 65 16 12 57 59 32 96 82 31 99 44 56 24 38
